inf 55.0000 2.0000 63.0000 inf 21.0000 63.0000 32.0000 inf 47.0000
55.0000 inf 18.0000 49.0000 87.0000 23.0000 85.0000 59.0000 31.0000 inf
2.0000 18.0000 inf 6.0000 31.0000 39.0000 99.0000 inf 71.0000 61.0000
63.0000 49.0000 6.0000 inf 75.0000 65.0000 29.0000 inf 5.0000 78.0000
inf 87.0000 31.0000 75.0000 inf 69.0000 inf 50.0000 48.0000 inf
21.0000 23.0000 39.0000 65.0000 69.0000 inf 100.0000 57.0000 25.0000 inf
63.0000 85.0000 99.0000 29.0000 inf 100.0000 inf 54.0000 88.0000 80.0000
32.0000 59.0000 inf inf 50.0000 57.0000 54.0000 inf 16.0000 39.0000
inf 31.0000 71.0000 5.0000 48.0000 25.0000 88.0000 16.0000 inf 84.0000
47.0000 inf 61.0000 78.0000 inf inf 80.0000 39.0000 84.0000 inf
