inf 90.0000 68.0000 inf 33.0000 10.0000 39.0000 51.0000 16.0000 41.0000 34.0000 81.0000 20.0000 86.0000
90.0000 inf 22.0000 9.0000 44.0000 36.0000 49.0000 57.0000 inf 83.0000 15.0000 82.0000 24.0000 inf
68.0000 22.0000 inf 63.0000 25.0000 80.0000 37.0000 14.0000 12.0000 16.0000 95.0000 88.0000 12.0000 88.0000
inf 9.0000 63.0000 inf 50.0000 63.0000 54.0000 13.0000 51.0000 79.0000 inf 19.0000 35.0000 3.0000
33.0000 44.0000 25.0000 50.0000 inf inf 55.0000 91.0000 61.0000 39.0000 6.0000 61.0000 13.0000 5.0000
10.0000 36.0000 80.0000 63.0000 inf inf 4.0000 inf 37.0000 46.0000 inf 19.0000 1.0000 65.0000
39.0000 49.0000 37.0000 54.0000 55.0000 4.0000 inf 32.0000 88.0000 inf 98.0000 inf 77.0000 97.0000
51.0000 57.0000 14.0000 13.0000 91.0000 inf 32.0000 inf 83.0000 inf 50.0000 50.0000 100.0000 inf
16.0000 inf 12.0000 51.0000 61.0000 37.0000 88.0000 83.0000 inf 79.0000 83.0000 inf 44.0000 14.0000
41.0000 83.0000 16.0000 79.0000 39.0000 46.0000 inf inf 79.0000 inf 7.0000 19.0000 63.0000 70.0000
34.0000 15.0000 95.0000 inf 6.0000 inf 98.0000 50.0000 83.0000 7.0000 inf inf 14.0000 48.0000
81.0000 82.0000 88.0000 19.0000 61.0000 19.0000 inf 50.0000 inf 19.0000 inf inf 54.0000 29.0000
20.0000 24.0000 12.0000 35.0000 13.0000 1.0000 77.0000 100.0000 44.0000 63.0000 14.0000 54.0000 inf 93.0000
86.0000 inf 88.0000 3.0000 5.0000 65.0000 97.0000 inf 14.0000 70.0000 48.0000 29.0000 93.0000 inf
