inf 85.0000 45.0000 2.0000 inf 83.0000 inf 77.0000 1.0000 19.0000 inf 44.0000
85.0000 inf inf 26.0000 88.0000 inf 12.0000 8.0000 inf 29.0000 55.0000 inf
45.0000 inf inf 55.0000 inf 80.0000 90.0000 inf 65.0000 inf 54.0000 61.0000
2.0000 26.0000 55.0000 inf 50.0000 83.0000 25.0000 inf 46.0000 inf inf 40.0000
inf 88.0000 inf 50.0000 inf 31.0000 48.0000 98.0000 4.0000 56.0000 4.0000 55.0000
83.0000 inf 80.0000 83.0000 31.0000 inf 27.0000 14.0000 29.0000 90.0000 56.0000 45.0000
inf 12.0000 90.0000 25.0000 48.0000 27.0000 inf 93.0000 59.0000 44.0000 61.0000 62.0000
77.0000 8.0000 inf inf 98.0000 14.0000 93.0000 inf 22.0000 71.0000 25.0000 29.0000
1.0000 inf 65.0000 46.0000 4.0000 29.0000 59.0000 22.0000 inf inf 35.0000 inf
19.0000 29.0000 inf inf 56.0000 90.0000 44.0000 71.0000 inf inf inf 2.0000
inf 55.0000 54.0000 inf 4.0000 56.0000 61.0000 25.0000 35.0000 inf inf 32.0000
44.0000 inf 61.0000 40.0000 55.0000 45.0000 62.0000 29.0000 inf 2.0000 32.0000 inf
