inf 0.3960 0.3172 0.4827 inf 0.3422 0.4922 0.5774 0.3580 0.4765 0.1608 0.3387 inf 0.2370 0.5329 0.3925 0.4747 0.3287
0.3960 inf 0.5689 inf inf inf 0.2150 inf inf inf 0.2472 inf inf inf inf 0.5700 inf 0.3262
0.3172 0.5689 inf 0.3020 inf 0.2373 inf inf 0.1994 inf 0.4260 0.0892 inf 0.3848 inf inf 0.5558 inf
0.4827 inf 0.3020 inf inf 0.1438 inf inf 0.1280 0.5726 inf 0.2135 0.4703 0.3730 0.4893 inf 0.3978 inf
inf inf inf inf inf inf 0.4793 0.3061 inf inf 0.5486 inf inf inf inf 0.2729 inf 0.3377
0.3422 inf 0.2373 0.1438 inf inf inf inf 0.0532 0.4766 0.4990 0.1578 0.4500 0.2408 0.4263 inf 0.3344 inf
0.4922 0.2150 inf inf 0.4793 inf inf inf inf inf 0.3336 inf inf inf inf 0.4981 inf 0.2508
0.5774 inf inf inf 0.3061 inf inf inf inf 0.3699 0.5906 inf inf 0.5189 0.5195 0.2081 0.5633 0.4535
0.3580 inf 0.1994 0.1280 inf 0.0532 inf inf inf 0.5294 0.5094 0.1134 0.4974 0.2869 0.4787 inf 0.3865 inf
0.4765 inf inf 0.5726 inf 0.4766 inf 0.3699 0.5294 inf 0.5864 inf 0.2923 0.2781 0.1509 0.3829 0.1995 0.5848
0.1608 0.2472 0.4260 inf 0.5486 0.4990 0.3336 0.5906 0.5094 0.5864 inf 0.4704 inf 0.3853 inf 0.3844 inf 0.2179
0.3387 inf 0.0892 0.2135 inf 0.1578 inf inf 0.1134 inf 0.4704 inf inf 0.3463 0.5787 inf 0.4882 inf
inf inf inf 0.4703 inf 0.4500 inf inf 0.4974 0.2923 inf inf inf 0.3974 0.1426 inf 0.1603 inf
0.2370 inf 0.3848 0.3730 inf 0.2408 inf 0.5189 0.2869 0.2781 0.3853 0.3463 0.3974 inf 0.3004 0.4044 0.2378 0.4810
0.5329 inf inf 0.4893 inf 0.4263 inf 0.5195 0.4787 0.1509 inf 0.5787 0.1426 0.3004 inf 0.5249 0.0929 inf
0.3925 0.5700 inf inf 0.2729 inf 0.4981 0.2081 inf 0.3829 0.3844 inf inf 0.4044 0.5249 inf 0.5342 0.2543
0.4747 inf 0.5558 0.3978 inf 0.3344 inf 0.5633 0.3865 0.1995 inf 0.4882 0.1603 0.2378 0.0929 0.5342 inf inf
0.3287 0.3262 inf inf 0.3377 inf 0.2508 0.4535 inf 0.5848 0.2179 inf inf 0.4810 inf 0.2543 inf inf
