inf inf 0.2752 0.4549 0.5525 0.5208 inf 0.5852 0.5783 0.2387 inf 0.3670 0.5395 0.2203
inf inf inf 0.4732 0.3939 0.3403 0.3315 0.2823 0.3714 inf 0.1021 inf 0.3182 inf
0.2752 inf inf inf inf inf inf inf inf 0.4835 inf 0.4828 inf 0.4935
0.4549 0.4732 inf inf 0.1005 0.2943 0.3135 0.1932 0.4232 0.5051 0.4136 0.2644 0.1710 0.3874
0.5525 0.3939 inf 0.1005 inf 0.2934 0.2154 0.1344 0.4221 0.5823 0.3494 0.3486 0.1386 0.4649
0.5208 0.3403 inf 0.2943 0.2934 inf 0.4298 0.1878 0.1301 0.4243 0.2408 0.5235 0.1581 0.3319
inf 0.3315 inf 0.3135 0.2154 0.4298 inf 0.2443 0.5391 inf 0.3476 0.5263 0.2852 inf
0.5852 0.2823 inf 0.1932 0.1344 0.1878 0.2443 inf 0.3070 0.5588 0.2212 0.4575 0.0476 0.4479
0.5783 0.3714 inf 0.4232 0.4221 0.1301 0.5391 0.3070 inf 0.4286 0.2713 inf 0.2846 0.3654
0.2387 inf 0.4835 0.5051 0.5823 0.4243 inf 0.5588 0.4286 inf inf 0.5364 0.5118 0.1179
inf 0.1021 inf 0.4136 0.3494 0.2408 0.3476 0.2212 0.2713 inf inf inf 0.2465 0.5725
0.3670 inf 0.4828 0.2644 0.3486 0.5235 0.5263 0.4575 inf 0.5364 inf inf 0.4316 0.4405
0.5395 0.3182 inf 0.1710 0.1386 0.1581 0.2852 0.0476 0.2846 0.5118 0.2465 0.4316 inf 0.4004
0.2203 inf 0.4935 0.3874 0.4649 0.3319 inf 0.4479 0.3654 0.1179 0.5725 0.4405 0.4004 inf
