inf 0.5790 0.3301 0.5881 0.4450 0.5604 inf 0.2313 0.4770 0.0768 0.4076 0.3469 0.4885 0.5295 inf 0.2036
0.5790 inf 0.2600 0.1817 inf 0.0349 0.2057 0.3895 0.4434 0.5231 inf 0.4267 0.2361 0.5370 inf inf
0.3301 0.2600 inf 0.3333 inf 0.2495 0.3676 0.1310 0.4135 0.2670 inf 0.3229 0.1857 0.5059 inf 0.5233
0.5881 0.1817 0.3333 inf inf 0.1516 0.0343 0.4572 0.3006 0.5518 inf 0.3317 0.3931 0.3848 inf inf
0.4450 inf inf inf inf inf inf inf inf 0.5149 0.0557 inf inf inf inf 0.2813
0.5604 0.0349 0.2495 0.1516 inf inf 0.1782 0.3803 0.4085 0.5075 inf 0.3940 0.2515 0.5021 inf inf
inf 0.2057 0.3676 0.0343 inf 0.1782 inf 0.4913 0.3069 0.5838 inf 0.3503 0.4240 0.3860 inf inf
0.2313 0.3895 0.1310 0.4572 inf 0.3803 0.4913 inf 0.4779 0.1573 inf 0.3631 0.2584 0.5609 inf 0.4072
0.4770 0.4434 0.4135 0.3006 inf 0.4085 0.3069 0.4779 inf 0.4819 inf 0.1304 0.5685 0.0967 0.3337 inf
0.0768 0.5231 0.2670 0.5518 0.5149 0.5075 0.5838 0.1573 0.4819 inf 0.4802 0.3523 0.4157 0.5460 inf 0.2564
0.4076 inf inf inf 0.0557 inf inf inf inf 0.4802 inf inf inf inf inf 0.2625
0.3469 0.4267 0.3229 0.3317 inf 0.3940 0.3503 0.3631 0.1304 0.3523 inf inf 0.4973 0.1992 0.3764 0.5287
0.4885 0.2361 0.1857 0.3931 inf 0.2515 0.4240 0.2584 0.5685 0.4157 inf 0.4973 inf inf inf inf
0.5295 0.5370 0.5059 0.3848 inf 0.5021 0.3860 0.5609 0.0967 0.5460 inf 0.1992 inf inf 0.2476 inf
inf inf inf inf inf inf inf inf 0.3337 inf inf 0.3764 inf 0.2476 inf inf
0.2036 inf 0.5233 inf 0.2813 inf inf 0.4072 inf 0.2564 0.2625 0.5287 inf inf inf inf
