inf 0.3143 0.5894 0.4332 inf 0.3631 0.2006 inf 0.4937 inf 0.2745 inf 0.4444 0.0724 0.4195 0.2633 inf 0.4553 0.4657 inf
0.3143 inf inf 0.5928 inf inf 0.1139 inf inf inf 0.1382 inf 0.3454 0.2614 0.5351 0.2688 inf 0.3557 inf inf
0.5894 inf inf 0.3841 inf 0.2379 inf inf 0.1004 0.4819 inf inf inf inf 0.4672 inf inf inf 0.3447 0.4441
0.4332 0.5928 0.3841 inf 0.4282 0.2266 0.5230 inf 0.3505 0.2983 inf 0.3859 0.3924 0.4084 0.0849 0.3285 0.4644 0.3946 0.0501 0.2377
inf inf inf 0.4282 inf inf inf 0.1961 inf 0.4231 inf 0.0974 0.3190 inf 0.3623 0.4574 0.4092 0.3088 0.4565 0.4112
0.3631 inf 0.2379 0.2266 inf inf 0.5274 inf 0.1590 0.4650 inf inf 0.5469 0.3787 0.2904 0.4127 inf 0.5528 0.2156 0.4082
0.2006 0.1139 inf 0.5230 inf 0.5274 inf inf inf inf 0.1243 inf 0.3582 0.1521 0.4773 0.2248 inf 0.3695 0.5668 inf
inf inf inf inf 0.1961 inf inf inf inf 0.5787 inf 0.2565 0.4557 inf 0.5581 inf 0.5074 0.4443 inf 0.5803
0.4937 inf 0.1004 0.3505 inf 0.1590 inf inf inf 0.5114 inf inf inf 0.5221 0.4275 0.5716 inf inf 0.3210 0.4646
inf inf 0.4819 0.2983 0.4231 0.4650 inf 0.5787 0.5114 inf inf 0.3313 0.5818 inf 0.3291 0.5921 0.1898 0.5783 0.2712 0.0608
0.2745 0.1382 inf inf inf inf 0.1243 inf inf inf inf inf 0.4657 0.2518 inf 0.3481 inf 0.4767 inf inf
inf inf inf 0.3859 0.0974 inf inf 0.2565 inf 0.3313 inf inf 0.3766 inf 0.3347 0.4865 0.3134 0.3679 0.4052 0.3259
0.4444 0.3454 inf 0.3924 0.3190 0.5469 0.3582 0.4557 inf 0.5818 0.4657 0.3766 inf 0.3739 0.3093 0.1826 inf 0.0115 0.4414 0.5383
0.0724 0.2614 inf 0.4084 inf 0.3787 0.1521 inf 0.5221 inf 0.2518 inf 0.3739 inf 0.3816 0.1948 inf 0.3849 0.4465 inf
0.4195 0.5351 0.4672 0.0849 0.3623 0.2904 0.4773 0.5581 0.4275 0.3291 inf 0.3347 0.3093 0.3816 inf 0.2665 0.4716 0.3109 0.1324 0.2722
0.2633 0.2688 inf 0.3285 0.4574 0.4127 0.2248 inf 0.5716 0.5921 0.3481 0.4865 0.1826 0.1948 0.2665 inf inf 0.1931 0.3772 0.5373
inf inf inf 0.4644 0.4092 inf inf 0.5074 inf 0.1898 inf 0.3134 inf inf 0.4716 inf inf inf 0.4474 0.2432
0.4553 0.3557 inf 0.3946 0.3088 0.5528 0.3695 0.4443 inf 0.5783 0.4767 0.3679 0.0115 0.3849 0.3109 0.1931 inf inf 0.4432 0.5357
0.4657 inf 0.3447 0.0501 0.4565 0.2156 0.5668 inf 0.3210 0.2712 inf 0.4052 0.4414 0.4465 0.1324 0.3772 0.4474 0.4432 inf 0.2106
inf inf 0.4441 0.2377 0.4112 0.4082 inf 0.5803 0.4646 0.0608 inf 0.3259 0.5383 inf 0.2722 0.5373 0.2432 0.5357 0.2106 inf
